2,1
71,4
71,3
71,2
71,1
70,4
70,3
70,2
70,1
69,4
69,3
69,2
69,1
68,7
68,6
68,5
68,4
68,3
68,2
68,1
67,8
67,7
67,6
67,5
67,4
67,3
67,2
67,1
62,4
62,3
62,2
62,1
60,4
60,3
60,2
60,1
59,5
59,4
59,3
59,2
59,1
58,5
58,4
58,3
58,2
58,1
57,4
57,3
57,2
57,1
53,3
53,2
53,1
48,3
48,2
48,1
47,3
47,2
47,1
45,4
45,3
45,2
45,1
41,4
41,3
41,2
41,1
40,5
40,4
40,3
40,2
40,1
37,5
37,4
37,3
37,2
37,1
34,3
34,2
34,1
33,6
33,5
33,3
33,2
33,1
30,3
30,2
30,1
29,7
29,6
29,3
29,2
29,1
26,6
26,5
26,3
26,2
26,1
18,4
18,3
18,2
18,1
17,7
17,6
17,5
17,3
17,2
17,1
15,3
15,2
15,1
8,4
8,3
8,2
8,1
6,3
6,2
6,1
5,3
5,2
5,1
2,5
2,4
2,3
2,2
2,0
1,3
0,440
4,3
4,2
4,1
4,0
3,6
3,5
3,4
3,3
3,2
3,1
3,0
1,2
1,1
1,0
0,243
0,9
0,1
0,300
0,299
0,298
0,297
0,296
0,295
0,294
0,293
0,292
0,291
0,290
0,289
0,288
0,287
0,286
0,285
0,284
0,283
0,282
0,281
0,280
0,279
0,278
0,277
0,276
0,275
0,274
0,273
0,272
0,271
0,270
0,269
0,268
0,267
0,266
0,265
0,264
0,263
0,262
0,261
0,260
0,259
0,258
0,257
0,256
0,255
0,254
0,253
0,252
0,251
0,250
0,249
0,248
0,247
0,246
0,245
0,244
0,242
0,241
0,240
0,239
0,238
0,237
0,236
0,235
0,234
0,233
0,232
0,231
0,230
0,229
0,228
0,227
0,226
0,225
0,224
0,223
0,222
0,221
0,220
0,219
0,218
0,217
0,216
0,215
0,214
0,213
0,212
0,211
0,210
0,209
0,208
0,207
0,206
0,205
0,204
0,203
0,202
0,201
0,200
0,199
0,198
0,197
0,196
0,195
0,194
0,193
0,192
0,63
0,62
0,61
0,60
0,59
0,58
0,57
0,56
0,55
0,54
0,53
0,52
0,51
0,50
0,49
0,48
0,47
0,46
0,45
0,6
0,0
0,5
0,304
0,303
0,306
0,305
0,302
0,12
0,422
0,10
0,8
0,11
0,4
0,2
0,3
0,7
71,0
70,0
69,0
68,0
67,0
62,0
60,0
59,0
58,0
57,0
53,0
48,0
47,0
45,0
41,0
40,0
37,0
34,0
33,0
30,0
29,0
26,0
18,0
17,0
15,0
8,0
6,0
5,0
